EC RAM:

00: a6 01 a0 e2 02 86 00 00 00 02 47 00 00 00 80 00 
10: 00 00 ff ff d0 3c 00 81 7b ff 00 00 ff ff 0d 00 
20: 00 00 00 00 00 00 00 00 00 00 00 01 a9 00 00 80 
30: 00 00 00 00 30 04 00 00 c3 00 30 10 00 50 00 00 
40: 00 00 00 00 00 00 04 48 52 0a 00 00 00 00 00 00 
50: 00 80 02 0c 00 01 02 03 04 05 06 06 00 00 00 00 
60: 00 00 00 00 00 00 00 00 00 00 00 00 00 00 00 00 
70: 00 00 00 00 08 00 00 00 1e 00 00 00 00 00 00 00 
80: 00 00 05 06 00 00 03 00 00 00 00 00 00 00 2b 00 
90: 00 00 00 00 00 00 00 00 00 00 00 00 00 00 00 00 
a0: a9 18 44 21 de 00 4a 00 c2 fa cb 2d ff ff c0 00 
b0: 00 00 00 00 00 00 00 00 00 00 41 05 01 18 01 00 
c0: 00 00 00 00 00 00 00 00 00 00 00 00 00 00 00 00 
d0: 08 c0 00 00 00 00 00 00 00 00 00 00 00 00 00 00 
e0: 00 00 00 00 00 00 00 00 13 60 c9 14 e4 2e 44 03 
f0: 38 41 48 54 34 32 57 57 19 85 5e 8d 00 00 87 00
